Temperature Production Electricity
46          95         330
45          91         329
57          93         363
58          102        375
63          94         363
70          86         381
84         106         358
45          95         362
83          93         407
82          98         388
35          90         350
51          96         353
78          89         376
66         110         406
71         109         382
33          85         337
36         104         398
79          97         380
81          88         402
39          90         328
48          92         351
62          90         336
46          93         354
71         109         372
47         103         354
42         110         340
68          94         391
81          95         386
84         107         383
64          95         376